512
257
514
544
289
411
548
578
822
640
425
561
615
656
415
664
501
668
1002
830
996
499
998
704
353
391
445
706
712
537
716
359
718
1074
736
705
752
940
1128
849
1132
1698
1410
782
890
920
461
517
922
1034
1068
1104
611
695
831
987
1108
1112
557
1114
1222
1316
659
1318
1390
1662
1668
1692
1974
1380
691
1382
748
800
401
451
505
802
808
825
902
1000
625
753
1004
503
1006
1250
1506
1010
1100
1212
607
1214
1500
751
1502
1650
820
850
880
575
605
759
968
1012
529
1058
1150
1210
1452
727
1454
1518
984
581
747
1162
1494
1056
623
801
805
897
1005
1035
1072
807
1076
1614
1196
599
1198
1246
1288
1340
1602
1608
1610
1656
829
893
973
1251
1269
1658
1786
1946
2502
2538
1794
1932
967
1934
2010
2070
1122
1200
601
671
707
755
775
875
909
1023
1125
1202
1208
1342
1364
683
1366
1414
1510
1550
1750
1812
907
1814
1818
2046
2250
1230
1320
661
713
737
847
993
1089
1322
1324
1426
1474
1694
1986
2178
680
768
485
579
595
663
765
772
776
389
778
832
795
848
535
856
1070
1284
643
1286
1060
1272
749
963
1498
1926
1590
884
443
886
896
449
493
565
898
904
681
908
1362
928
699
885
932
467
934
944
1180
1398
1416
709
1418
1770
986
1130
1160
649
1298
1356
1392
767
1047
1239
1396
1534
1652
827
1654
2094
2124
1063
2126
2478
1740
952
717
956
479
958
1434
970
1040
521
583
655
1042
1048
789
1052
1578
1166
1310
1572
787
1574
1120
725
843
957
1065
1124
563
1126
1136
569
1138
1276
1420
1450
1686
1704
853
1706
1914
2130
1152
577
629
679
873
969
1071
1095
1154
1168
879
1172
587
1174
1758
1184
593
745
1186
1192
1490
1788
1216
1258
1292
647
1294
1358
1365
1456
1460
1480
1520
761
955
1522
1528
1149
1532
2298
1910
2292
1728
949
1235
1295
1299
1377
1443
1533
1635
1665
1732
1744
1755
1898
1924
1976
1995
2044
2072
2128
2180
1091
2182
2470
2590
2592
1297
1387
1417
1729
1971
2109
2223
2289
2331
2445
2457
2565
2594
2608
1959
2612
1307
2614
3918
2774
2812
2834
2835
3052
3260
3458
3888
2071
2119
2435
2943
2997
3159
3423
3591
3645
3896
1949
3898
4142
4238
4564
4870
5832
2917
3097
3409
4377
4383
4401
4617
5103
5834
5836
6194
6818
8748
6561
13122
8754
8766
8802
9234
10206
5844
5868
5886
5994
6156
3079
6158
6318
6804
6846
7182
7290
3912
3924
3942
3996
1999
3998
4104
2053
2527
3249
4106
5054
6498
4212
4218
4446
4536
2269
2413
2653
3411
3429
3483
3969
4538
4826
5306
6822
6858
6966
7938
4578
4662
4788
4860
4890
4914
5130
5670
2598
2616
2628
2660
2664
1369
1561
2007
2738
3122
4014
2736
1603
1805
2061
2888
3206
3610
4122
4332
2754
2808
1501
2133
3002
4266
2886
2964
1483
2966
3024
1591
1651
1813
1895
2271
2349
2451
2667
2709
2793
3028
3032
3182
3268
3302
3556
3626
3724
3790
4542
4548
4572
2287
4574
4644
4698
4902
5292
2647
5294
5334
5418
5586
3066
3108
3192
1597
3194
3240
1621
1793
1897
2433
2439
2511
2673
3242
3244
3586
3794
4866
4878
5022
5346
3270
3276
3330
3420
3510
3780
3990
1746
1752
877
1317
1754
1756
2634
1776
1043
1115
1341
1784
2086
2230
2676
2682
1820
911
1822
1824
1145
1371
1828
1832
2290
2742
2748
1836
919
1838
1872
937
1007
1027
1099
1183
1413
1431
1521
1659
1874
2014
2054
2198
2212
2366
2826
2844
1423
2846
2862
3042
3318
1938
2016
1009
1073
1505
1653
1677
1827
1905
1911
1935
2018
2032
1527
2036
1019
2038
3054
2146
2204
1103
2206
2205
2236
2408
2540
2548
3010
3048
3096
1549
3098
3132
1567
3134
3306
3354
3528
2107
2649
3087
3532
4214
5298
6174
3612
1849
3698
3654
3810
3822
3870
4410
2142
2160
1147
1159
1199
1267
1355
1463
1623
1629
1647
1767
1881
1953
2025
2079
2164
2168
2294
2318
2356
2398
2534
2710
2926
3246
3252
1627
3254
3258
3294
3348
3534
3564
1783
3566
3762
3906
4050
4158
2184
1093
1641
2186
2188
3282
2190
2220
2280
1337
1713
1719
2284
2674
3426
3438
2340
1171
2342
2520
1333
1349
1397
1477
1519
1893
1899
1917
2524
2666
2698
2794
2954
3038
3786
3798
3834
2730
1158
1164
1190
1224
613
721
921
927
1226
1228
1442
1842
1854
1248
689
785
845
939
1113
1185
1252
1256
1264
951
1268
1902
1352
677
1354
1378
1484
743
1486
1570
1580
1690
1878
1884
1896
1908
2028
2226
2370
1326
1344
673
731
791
833
1011
1015
1017
1131
1305
1346
1348
1376
865
1384
1041
1388
2082
1730
2076
1039
2078
1462
1508
1568
985
1576
1970
2364
1582
1624
841
1682
1666
1720
1293
1724
863
1726
2586
1960
1473
1964
983
1966
2946
2022
2030
2034
2064
1033
1211
1557
2066
2422
3114
2088
1121
1569
1593
2092
2242
3138
3186
2262
2352
1247
1379
1421
1715
1773
2494
2744
1373
2746
2758
2842
3430
3546
4116
2401
4802
2436
2580
1291
2582
2610
2940
1471
2942
1428
1440
779
793
803
905
925
1001
1045
1085
1107
1209
1221
1281
1287
1395
1425
1448
1485
1558
1575
1586
1606
1612
1628
1672
1257
1676
839
1678
2514
1708
1736
1810
1850
1900
2002
2090
2170
2172
1087
2174
2196
2214
2232
1117
2234
2376
1273
1393
1791
1809
1863
2546
2786
3582
3618
3726
2418
2442
2508
2562
2574
2604
1303
2606
2700
2772
2790
2850
2970
3150
1530
1560
869
917
1179
1738
1834
2358
1680
899
923
1055
1075
1225
1263
1419
1491
1617
1684
1688
1798
1846
1892
947
1894
1988
2110
2150
2156
2450
2526
2532
2556
1279
2558
2838
2982
3234
816
409
515
818
824
1030
1236
619
1238
960
527
533
715
723
861
915
964
975
976
992
1054
1066
1144
1148
1155
1220
1232
617
667
1234
1334
1240
933
1244
1866
1300
1400
701
781
1402
1562
1430
1446
1464
733
1101
1466
1468
2202
1476
739
1478
1488
1119
1492
2238
1540
1584
851
871
995
1191
1311
1407
1449
1588
1592
797
1594
1702
1742
1748
1876
1990
2382
2388
2412
2484
2622
2814
2898
1716
859
1718
1722
1800
1057
1359
2114
2718
1830
1848
989
1127
1389
1852
1978
2254
2778
1860
961
1922
1950
1980
991
1982
2100
1051
2102
2310
1020
257 512
512 512
514 512
544 512
289 544
411 544
548 544
578 544
822 544
640 512
425 640
561 640
615 640
656 640
415 656
664 656
501 664
668 664
1002 664
830 656
996 656
499 996
998 996
704 640
353 704
391 704
445 704
706 704
712 704
537 712
716 712
359 716
718 716
1074 712
736 704
705 736
752 736
940 736
1128 736
849 1128
1132 1128
1698 1128
1410 736
782 704
890 704
920 704
461 920
517 920
922 920
1034 920
1068 704
1104 704
611 1104
695 1104
831 1104
987 1104
1108 1104
1112 1104
557 1112
1114 1112
1222 1104
1316 1104
659 1316
1318 1316
1390 1104
1662 1104
1668 1104
1692 1104
1974 1104
1380 704
691 1380
1382 1380
748 640
800 640
401 800
451 800
505 800
802 800
808 800
825 800
902 800
1000 800
625 1000
753 1000
1004 1000
503 1004
1006 1004
1250 1000
1506 1000
1010 800
1100 800
1212 800
607 1212
1214 1212
1500 800
751 1500
1502 1500
1650 800
820 640
850 640
880 640
575 880
605 880
759 880
968 880
1012 880
529 1012
1058 1012
1150 880
1210 880
1452 880
727 1452
1454 1452
1518 880
984 640
581 984
747 984
1162 984
1494 984
1056 640
623 1056
801 1056
805 1056
897 1056
1005 1056
1035 1056
1072 1056
807 1072
1076 1072
1614 1072
1196 1056
599 1196
1198 1196
1246 1056
1288 1056
1340 1056
1602 1056
1608 1056
1610 1056
1656 1056
829 1656
893 1656
973 1656
1251 1656
1269 1656
1658 1656
1786 1656
1946 1656
2502 1656
2538 1656
1794 1056
1932 1056
967 1932
1934 1932
2010 1056
2070 1056
1122 640
1200 640
601 1200
671 1200
707 1200
755 1200
775 1200
875 1200
909 1200
1023 1200
1125 1200
1202 1200
1208 1200
1342 1200
1364 1200
683 1364
1366 1364
1414 1200
1510 1200
1550 1200
1750 1200
1812 1200
907 1812
1814 1812
1818 1200
2046 1200
2250 1200
1230 640
1320 640
661 1320
713 1320
737 1320
847 1320
993 1320
1089 1320
1322 1320
1324 1320
1426 1320
1474 1320
1694 1320
1986 1320
2178 1320
680 512
768 512
485 768
579 768
595 768
663 768
765 768
772 768
776 768
389 776
778 776
832 768
795 832
848 832
535 848
856 848
1070 848
1284 848
643 1284
1286 1284
1060 832
1272 832
749 1272
963 1272
1498 1272
1926 1272
1590 832
884 768
443 884
886 884
896 768
449 896
493 896
565 896
898 896
904 896
681 904
908 904
1362 904
928 896
699 928
885 928
932 928
467 932
934 932
944 928
1180 928
1398 928
1416 928
709 1416
1418 1416
1770 928
986 896
1130 896
1160 896
649 1160
1298 1160
1356 896
1392 896
767 1392
1047 1392
1239 1392
1396 1392
1534 1392
1652 1392
827 1652
1654 1652
2094 1392
2124 1392
1063 2124
2126 2124
2478 1392
1740 896
952 768
717 952
956 952
479 956
958 956
1434 952
970 768
1040 768
521 1040
583 1040
655 1040
1042 1040
1048 1040
789 1048
1052 1048
1578 1048
1166 1040
1310 1040
1572 1040
787 1572
1574 1572
1120 768
725 1120
843 1120
957 1120
1065 1120
1124 1120
563 1124
1126 1124
1136 1120
569 1136
1138 1136
1276 1120
1420 1120
1450 1120
1686 1120
1704 1120
853 1704
1706 1704
1914 1120
2130 1120
1152 768
577 1152
629 1152
679 1152
873 1152
969 1152
1071 1152
1095 1152
1154 1152
1168 1152
879 1168
1172 1168
587 1172
1174 1172
1758 1168
1184 1152
593 1184
745 1184
1186 1184
1192 1184
1490 1184
1788 1184
1216 1152
1258 1152
1292 1152
647 1292
1294 1292
1358 1152
1365 1152
1456 1152
1460 1152
1480 1152
1520 1152
761 1520
955 1520
1522 1520
1528 1520
1149 1528
1532 1528
2298 1528
1910 1520
2292 1520
1728 1152
949 1728
1235 1728
1295 1728
1299 1728
1377 1728
1443 1728
1533 1728
1635 1728
1665 1728
1732 1728
1744 1728
1755 1728
1898 1728
1924 1728
1976 1728
1995 1728
2044 1728
2072 1728
2128 1728
2180 1728
1091 2180
2182 2180
2470 1728
2590 1728
2592 1728
1297 2592
1387 2592
1417 2592
1729 2592
1971 2592
2109 2592
2223 2592
2289 2592
2331 2592
2445 2592
2457 2592
2565 2592
2594 2592
2608 2592
1959 2608
2612 2608
1307 2612
2614 2612
3918 2608
2774 2592
2812 2592
2834 2592
2835 2592
3052 2592
3260 2592
3458 2592
3888 2592
2071 3888
2119 3888
2435 3888
2943 3888
2997 3888
3159 3888
3423 3888
3591 3888
3645 3888
3896 3888
1949 3896
3898 3896
4142 3888
4238 3888
4564 3888
4870 3888
5832 3888
2917 5832
3097 5832
3409 5832
4377 5832
4383 5832
4401 5832
4617 5832
5103 5832
5834 5832
5836 5832
6194 5832
6818 5832
8748 5832
6561 8748
13122 8748
8754 5832
8766 5832
8802 5832
9234 5832
10206 5832
5844 3888
5868 3888
5886 3888
5994 3888
6156 3888
3079 6156
6158 6156
6318 3888
6804 3888
6846 3888
7182 3888
7290 3888
3912 2592
3924 2592
3942 2592
3996 2592
1999 3996
3998 3996
4104 2592
2053 4104
2527 4104
3249 4104
4106 4104
5054 4104
6498 4104
4212 2592
4218 2592
4446 2592
4536 2592
2269 4536
2413 4536
2653 4536
3411 4536
3429 4536
3483 4536
3969 4536
4538 4536
4826 4536
5306 4536
6822 4536
6858 4536
6966 4536
7938 4536
4578 2592
4662 2592
4788 2592
4860 2592
4890 2592
4914 2592
5130 2592
5670 2592
2598 1728
2616 1728
2628 1728
2660 1728
2664 1728
1369 2664
1561 2664
2007 2664
2738 2664
3122 2664
4014 2664
2736 1728
1603 2736
1805 2736
2061 2736
2888 2736
3206 2736
3610 2736
4122 2736
4332 2736
2754 1728
2808 1728
1501 2808
2133 2808
3002 2808
4266 2808
2886 1728
2964 1728
1483 2964
2966 2964
3024 1728
1591 3024
1651 3024
1813 3024
1895 3024
2271 3024
2349 3024
2451 3024
2667 3024
2709 3024
2793 3024
3028 3024
3032 3024
3182 3024
3268 3024
3302 3024
3556 3024
3626 3024
3724 3024
3790 3024
4542 3024
4548 3024
4572 3024
2287 4572
4574 4572
4644 3024
4698 3024
4902 3024
5292 3024
2647 5292
5294 5292
5334 3024
5418 3024
5586 3024
3066 1728
3108 1728
3192 1728
1597 3192
3194 3192
3240 1728
1621 3240
1793 3240
1897 3240
2433 3240
2439 3240
2511 3240
2673 3240
3242 3240
3244 3240
3586 3240
3794 3240
4866 3240
4878 3240
5022 3240
5346 3240
3270 1728
3276 1728
3330 1728
3420 1728
3510 1728
3780 1728
3990 1728
1746 1152
1752 1152
877 1752
1317 1752
1754 1752
1756 1752
2634 1752
1776 1152
1043 1776
1115 1776
1341 1776
1784 1776
2086 1776
2230 1776
2676 1776
2682 1776
1820 1152
911 1820
1822 1820
1824 1152
1145 1824
1371 1824
1828 1824
1832 1824
2290 1824
2742 1824
2748 1824
1836 1152
919 1836
1838 1836
1872 1152
937 1872
1007 1872
1027 1872
1099 1872
1183 1872
1413 1872
1431 1872
1521 1872
1659 1872
1874 1872
2014 1872
2054 1872
2198 1872
2212 1872
2366 1872
2826 1872
2844 1872
1423 2844
2846 2844
2862 1872
3042 1872
3318 1872
1938 1152
2016 1152
1009 2016
1073 2016
1505 2016
1653 2016
1677 2016
1827 2016
1905 2016
1911 2016
1935 2016
2018 2016
2032 2016
1527 2032
2036 2032
1019 2036
2038 2036
3054 2032
2146 2016
2204 2016
1103 2204
2206 2204
2205 2016
2236 2016
2408 2016
2540 2016
2548 2016
3010 2016
3048 2016
3096 2016
1549 3096
3098 3096
3132 2016
1567 3132
3134 3132
3306 2016
3354 2016
3528 2016
2107 3528
2649 3528
3087 3528
3532 3528
4214 3528
5298 3528
6174 3528
3612 2016
1849 3612
3698 3612
3654 2016
3810 2016
3822 2016
3870 2016
4410 2016
2142 1152
2160 1152
1147 2160
1159 2160
1199 2160
1267 2160
1355 2160
1463 2160
1623 2160
1629 2160
1647 2160
1767 2160
1881 2160
1953 2160
2025 2160
2079 2160
2164 2160
2168 2160
2294 2160
2318 2160
2356 2160
2398 2160
2534 2160
2710 2160
2926 2160
3246 2160
3252 2160
1627 3252
3254 3252
3258 2160
3294 2160
3348 2160
3534 2160
3564 2160
1783 3564
3566 3564
3762 2160
3906 2160
4050 2160
4158 2160
2184 1152
1093 2184
1641 2184
2186 2184
2188 2184
3282 2184
2190 1152
2220 1152
2280 1152
1337 2280
1713 2280
1719 2280
2284 2280
2674 2280
3426 2280
3438 2280
2340 1152
1171 2340
2342 2340
2520 1152
1333 2520
1349 2520
1397 2520
1477 2520
1519 2520
1893 2520
1899 2520
1917 2520
2524 2520
2666 2520
2698 2520
2794 2520
2954 2520
3038 2520
3786 2520
3798 2520
3834 2520
2730 1152
1158 768
1164 768
1190 768
1224 768
613 1224
721 1224
921 1224
927 1224
1226 1224
1228 1224
1442 1224
1842 1224
1854 1224
1248 768
689 1248
785 1248
845 1248
939 1248
1113 1248
1185 1248
1252 1248
1256 1248
1264 1248
951 1264
1268 1264
1902 1264
1352 1248
677 1352
1354 1352
1378 1248
1484 1248
743 1484
1486 1484
1570 1248
1580 1248
1690 1248
1878 1248
1884 1248
1896 1248
1908 1248
2028 1248
2226 1248
2370 1248
1326 768
1344 768
673 1344
731 1344
791 1344
833 1344
1011 1344
1015 1344
1017 1344
1131 1344
1305 1344
1346 1344
1348 1344
1376 1344
865 1376
1384 1376
1041 1384
1388 1384
2082 1384
1730 1376
2076 1376
1039 2076
2078 2076
1462 1344
1508 1344
1568 1344
985 1568
1576 1568
1970 1568
2364 1568
1582 1344
1624 1344
841 1624
1682 1624
1666 1344
1720 1344
1293 1720
1724 1720
863 1724
1726 1724
2586 1720
1960 1344
1473 1960
1964 1960
983 1964
1966 1964
2946 1960
2022 1344
2030 1344
2034 1344
2064 1344
1033 2064
1211 2064
1557 2064
2066 2064
2422 2064
3114 2064
2088 1344
1121 2088
1569 2088
1593 2088
2092 2088
2242 2088
3138 2088
3186 2088
2262 1344
2352 1344
1247 2352
1379 2352
1421 2352
1715 2352
1773 2352
2494 2352
2744 2352
1373 2744
2746 2744
2758 2352
2842 2352
3430 2352
3546 2352
4116 2352
2401 4116
4802 4116
2436 1344
2580 1344
1291 2580
2582 2580
2610 1344
2940 1344
1471 2940
2942 2940
1428 768
1440 768
779 1440
793 1440
803 1440
905 1440
925 1440
1001 1440
1045 1440
1085 1440
1107 1440
1209 1440
1221 1440
1281 1440
1287 1440
1395 1440
1425 1440
1448 1440
1485 1440
1558 1440
1575 1440
1586 1440
1606 1440
1612 1440
1628 1440
1672 1440
1257 1672
1676 1672
839 1676
1678 1676
2514 1672
1708 1440
1736 1440
1810 1440
1850 1440
1900 1440
2002 1440
2090 1440
2170 1440
2172 1440
1087 2172
2174 2172
2196 1440
2214 1440
2232 1440
1117 2232
2234 2232
2376 1440
1273 2376
1393 2376
1791 2376
1809 2376
1863 2376
2546 2376
2786 2376
3582 2376
3618 2376
3726 2376
2418 1440
2442 1440
2508 1440
2562 1440
2574 1440
2604 1440
1303 2604
2606 2604
2700 1440
2772 1440
2790 1440
2850 1440
2970 1440
3150 1440
1530 768
1560 768
869 1560
917 1560
1179 1560
1738 1560
1834 1560
2358 1560
1680 768
899 1680
923 1680
1055 1680
1075 1680
1225 1680
1263 1680
1419 1680
1491 1680
1617 1680
1684 1680
1688 1680
1798 1680
1846 1680
1892 1680
947 1892
1894 1892
1988 1680
2110 1680
2150 1680
2156 1680
2450 1680
2526 1680
2532 1680
2556 1680
1279 2556
2558 2556
2838 1680
2982 1680
3234 1680
816 512
409 816
515 816
818 816
824 816
1030 816
1236 816
619 1236
1238 1236
960 512
527 960
533 960
715 960
723 960
861 960
915 960
964 960
975 960
976 960
992 960
1054 960
1066 960
1144 960
1148 960
1155 960
1220 960
1232 960
617 1232
667 1232
1234 1232
1334 1232
1240 960
933 1240
1244 1240
1866 1240
1300 960
1400 960
701 1400
781 1400
1402 1400
1562 1400
1430 960
1446 960
1464 960
733 1464
1101 1464
1466 1464
1468 1464
2202 1464
1476 960
739 1476
1478 1476
1488 960
1119 1488
1492 1488
2238 1488
1540 960
1584 960
851 1584
871 1584
995 1584
1191 1584
1311 1584
1407 1584
1449 1584
1588 1584
1592 1584
797 1592
1594 1592
1702 1584
1742 1584
1748 1584
1876 1584
1990 1584
2382 1584
2388 1584
2412 1584
2484 1584
2622 1584
2814 1584
2898 1584
1716 960
859 1716
1718 1716
1722 960
1800 960
1057 1800
1359 1800
2114 1800
2718 1800
1830 960
1848 960
989 1848
1127 1848
1389 1848
1852 1848
1978 1848
2254 1848
2778 1848
1860 960
961 1860
1922 1860
1950 960
1980 960
991 1980
1982 1980
2100 960
1051 2100
2102 2100
2310 960
1020 512